40317 6 8 9 10 11 12 12 17 18 20 21 29
94 6 8 10 11 12 12
155 6 8 9 10 11 23
1233 6 8 9 10 11 12 17 29

0
1 64 75
0
0
0
0

25835 3 5 7 7 10 16 17 18 21 25 33
0
731 3 5 7 7 10 16 17 26

147 2 4 13 23 28 43 64
3 4 28
0
36 2 4 13 28 76
11 2 4 13 32 43
255 2 4 13 28 28 32 35 58

41 3 6 6 9 12 14 56
0
13 3 6 14 17 25
90 3 6 6 9 12 14 25 47
6 3 9 25
210 3 6 6 9 12 14 17 83

27598 3 3 6 7 7 11 12 14 16 17 36
320133 3 3 6 7 7 11 12 14 16 17 18 21 22 28
258467 3 3 6 7 7 11 12 14 16 17 18 20 20 26
1587 3 3 6 7 7 11 12 16 17

3 2 5 33 71
1 2 5 71
0
4 5 25 33 57
5 2 5 35 57

0
2 1 4
2296 1 1 4 8 25 27 27 30 36
8 1 1 4 29

2 2
764 2 2 3 5 6 16 20 50
31 2 2 3 5 6 31

27 5 9 18 34 34 37 48
0
6 5 9 34 36
10 9 18 36 61

1269550 1 2 3 3 8 9 11 11 12 14 16 18 23 27 28
332857 1 2 3 3 8 9 11 11 12 14 16 18 23 26
3145 1 2 3 3 8 9 11 12 28
6 1 2 8

25 14 14 28 31 62
0
0

48212 1 6 11 12 13 13 17 21 21 23 40
52 1 6 11 12 22
4 1 13 13
6875 1 6 11 12 13 13 17 22 37

2 4 7 45

406202 1 3 5 6 6 7 10 11 12 16 19 20 27 46
42 1 3 5 6 6 11
33589 1 3 5 6 6 7 10 11 12 16 19 39
76902 1 3 5 6 6 7 10 11 12 16 19 20 36
2231 1 3 5 6 6 7 10 12 16 20

0
0

1761 2 5 6 10 10 11 19 23 41

46 2 8 12 16 27 29
17 2 11 12 16 29
1141 2 8 11 12 16 25 29 35 43
688 2 8 11 12 16 25 27 66

0
0

2348 1 8 9 13 14 16 21 23 44

18061 2 3 3 5 6 7 15 19 24 30 67
153 2 3 3 5 6 7 15 32
49 2 3 3 5 6 7 24
415 2 3 3 5 6 7 15 19 32

155 6 15 24 41 41 44
6 6 37 50
0
96 6 15 24 41 71

69 2 5 6 8 13 23
32616 2 5 6 8 13 13 14 23 24 28 51
51 2 5 6 13 26
302 2 5 6 8 13 14 33

0

0

0
0
1 74
0
0
0

5 4 34
0
15770 4 4 4 9 18 19 22 27 34 43
0
316 4 4 4 9 19 22 38
4 4 18

32 4 4 5 9 14 28

1 14 17
3 4 72
29 4 14 17 25 62 72

4398 4 6 7 10 11 20 21 25 32 44
1114 4 6 7 10 11 20 21 25 37
32 4 6 7 10 38

0
5 1 46 63 64
0
0
0
0

62989 1 6 12 13 13 13 16 18 19 20 65
0
127 1 6 12 13 13 26
15620 1 6 12 13 13 13 16 18 19 20 31
7696 1 6 12 13 13 13 16 18 19 35

123 7 10 10 16 17 43
161 7 10 10 16 16 17 34
23 7 10 16 16 19
52 7 10 10 16 43

15 1 4 4 10
1 1 6
25494 1 4 4 5 6 10 11 12 12 14 14 21 25
19 1 4 5 12

0
1 2 20 26 41

33026 2 3 5 5 7 8 9 9 10 11 14 17 33

49 1 4 33 33 35 91
7 1 4 45 52
5 1 33 54
1 45
31 1 4 33 35 49 56
1 45

0

0

2 14 25 70
2 14 37 44
2 14 65
2 14 25 42
0

0
7 15 17 21 30 50 57
1 15
1 21 30
2 15 17 50
0

2280 1 5 9 12 13 14 17 19 28 29
2845 1 5 9 12 13 14 17 27 55
1946 1 5 9 12 13 14 17 27 45
6328 1 5 9 12 13 14 17 19 27 28 29
237 1 5 9 12 17 19 32

11 2 3 7 10 21
7349 2 3 7 10 13 20 21 24 31 61

297 2 6 7 10 11 11 11
47646 2 6 7 9 10 11 11 11 14 14 19 27
120932 2 6 7 9 10 11 11 11 14 14 18 18 29
604 2 6 7 9 11 11 22
95235 2 6 7 9 10 11 11 11 14 14 18 18 24

0

1 41 143
2 94 104

0
271 9 11 15 16 17 23 63
1067 9 11 15 16 17 20 23 38 48
1 17
15 11 15 16 17 23

0

0
0
0

0
0
1 27 59 82

0
0
2 50 99

2 20 49 57
0
0
1 8 20 47

3596 4 8 9 11 12 17 17 18 43

31 2 4 8 26 55
15 2 4 14 21 47
3 2 8 14 18
142 2 4 8 14 18 26 26 54

0
4 3 44 48 65
0

2 28 37
1 67 83
3 21 28 54 82
0

3 6 10 25
0

81187 2 2 2 4 7 7 8 12 14 15 16 21 23 42
146197 2 2 2 4 7 7 8 12 14 15 16 21 23 23 35

12963 3 4 6 13 17 18 19 19 20 22
11652 3 4 6 13 17 18 18 19 19 22
229 3 4 6 13 22 26
5815 3 4 6 13 17 18 19 20 26

6 4 5 11
14 4 5 9 9 11

4366 7 9 11 19 21 21 24 27 28 30
675 7 9 11 19 21 24 28 28
206 7 9 11 19 21 24 28
1 9

1400 1 2 9 14 18 20 25 31 43

17 1 1 3 8 8
37576 1 1 2 3 7 8 8 12 16 17 27 31 46
17 1 1 3 8 8
58108 1 1 2 3 7 8 8 12 16 17 27 27 29 33
1078 1 1 2 3 7 8 8 17 46
416 1 1 2 3 7 8 8 17 27

438 9 9 11 19 20 21 30 51

3 4 31 54

0
0
0

1 26
0
10 3 7 43 60
1 7 90
1 3 26
7 7 26 72

1 3
184262 3 6 8 13 14 16 17 20 20 21 24 28
11780 3 6 8 13 14 16 17 21 38
11 3 6 13 14

1303 4 4 5 10 16 16 23 30 59

0
0
0
0

561 2 3 8 8 17 18 21 30
38285 2 3 8 8 17 18 21 23 25 31 43
252 2 3 8 8 17 18 35
21 2 3 8 37
5575 2 3 8 8 17 18 21 23 54

1 1 34

0
1 110
2 40 118

10 4 4 16
9407 4 4 4 10 13 14 15 16 33

0

5412 1 1 2 8 12 15 16 16 16 17 29
2 1 8

103047 5 6 7 7 8 9 13 14 14 14 15 25 26
866 5 6 7 7 8 13 27
4207 5 6 7 7 8 9 14 14 14 15
14247 5 6 7 7 8 9 13 14 14 14 25
352 5 6 7 7 8 13 14

5214 1 11 13 15 17 19 23 24 26 40
1115 1 11 13 15 15 19 23 24 26
1 13
14 1 11 15 26
754 1 11 13 15 15 19 23 40
466 1 11 13 15 17 19 23 26

2 9 25 59
4 6 9 25 122

0

0
1 100
3 5 37 100
0

848 2 10 12 13 13 15 25 26 30
12 2 10 13 13

1 7 35

0
273 3 5 13 14 15 20 21

1 4 18 21
0
3 4 18 19 21 72
1 18 19

4 13 17 49 84
0
2 17 25 71
0

0
0

0
0
0

0
47 2 3 7 8 16 23
83 2 3 7 8 21 27
75 2 3 7 8 20 27
2222 2 3 7 8 16 21 21 23 40
340 2 3 7 8 16 20 21 21

26 4 8 9 30 33 39
2 8 33 42
6 4 9 30 33

47603 1 6 11 14 16 16 17 20 23 29 46
116 1 6 11 16 17 23
116 1 6 11 16 17 23
24775 1 6 11 14 16 16 17 20 23 27 32
23 1 6 11 29
11087 1 6 11 14 16 16 17 20 27 36

699 1 2 4 6 12 15 19 24 71
11 1 2 4 6 12 19

36 11 18 28 34 45 47
3 11 27 28 34
0
0

2502 5 7 7 7 9 10 11 15 39
12 4 5 7 10
12779 4 5 7 7 7 9 10 11 15 24 43
828 4 5 7 7 7 10 11 15 24
166239 4 5 7 7 7 9 10 11 15 24 27 33 41

99971 4 6 9 11 11 12 12 12 17 20 22 36
255251 4 6 9 11 11 12 12 12 17 19 20 25 36
288989 4 6 9 11 11 12 12 12 17 19 20 22 42
190446 4 6 9 11 11 12 12 12 17 19 21 25 28

52200 1 3 4 5 7 8 10 11 11 12 15 18 20
16625 1 3 4 5 7 8 10 11 11 12 15 16
237433 1 3 4 5 7 8 10 11 11 12 15 16 18 37
237433 1 3 4 5 7 8 10 11 11 12 15 16 18 37
1003370 1 3 4 5 7 8 10 11 11 12 15 16 18 20 20 32
19607 1 3 4 5 7 8 10 11 11 12 16 18

18 2 4 12 22

0
0
0
0
0

10725 1 1 3 4 4 7 8 9 14 17 28

2 8 9 33
17 8 9 10 19 33 90
12 9 10 19 30 100
0

2 20 50 52
5 20 29 52 57
7 20 43 52 67
0
0

1 9 40
6 2 4 9 27 83
31 2 4 9 25 25 27 102

0
0
0
0

4343 3 4 5 6 8 8 10 15 16 23 31
52908 3 4 5 6 8 8 10 15 16 22 23 25 49
581 3 4 5 6 8 8 10 16 25
28 3 4 5 6 8 8

0
1 11 16 57
3 8 11 16 51 57
2 8 41 51
7 8 11 16 59 79
0

16 1 7 12 14 20

0
0
0

0
30 10 24 30 52 58
0

0

4171 1 5 6 8 9 10 10 10 16 27
3601 1 5 6 8 9 10 10 10 19 21
196 1 5 6 8 10 10 12

173 2 3 7 8 11 13 16 37 69
31 2 3 7 8 11 13 45
31 2 3 7 8 11 11 37
80 2 3 7 8 11 11 37 52
10 2 3 8 11 13 16

2 2 8 22 53
5 2 8 22 101
0

17780 1 4 9 9 10 11 15 20 22 32 44
31784 1 4 9 9 10 11 15 20 22 23 33 35
6088 1 4 9 9 10 11 15 20 22 50

75368 1 2 5 7 8 9 10 14 15 15 16 19 21

0
0
0
0

106 2 2 3 4 19 25 29
4308 2 2 3 4 4 18 19 24 25 29 47
140 2 2 3 4 4 19 57
261 2 2 3 4 4 24 25 38
25 2 3 4 4 18 19
115 2 2 3 4 4 25 49

31717 1 3 3 10 10 13 15 16 22 25 31 45
32694 1 3 3 10 10 13 15 16 22 25 31 46
133 1 3 3 10 10 16 33
13 1 3 3 10 15
1047 1 3 3 10 10 13 15 16 42
36 1 3 3 13 15 16

7 5 5 7 38
1005 5 5 7 14 17 19 23 41 49
22 5 5 7 14 46
492 5 5 7 14 17 19 23 69

5319 2 3 5 7 9 18 24 25 49

0
1 157

695 1 7 8 9 11 25 39

18243 4 5 10 13 14 14 15 19 22 27 41
19482 4 5 10 13 14 14 15 19 22 70
353 4 5 10 13 14 14 39
2119 4 5 10 13 14 14 15 19 41
17342 4 5 10 13 14 14 15 19 22 27 40

2 8 21 49 56

0
1 37 50
1 15 159
1 16 144
0
0

317 2 4 6 8 15 21 22 25
1373 2 4 6 8 15 21 22 25 31
5228 2 4 6 8 15 21 25 25 27 33
0
20 2 4 8 15 21

0
1 10 85 103
0
0

515 7 9 10 11 14 23 28
515 7 9 10 11 14 23 28
2979 7 9 10 11 14 16 22 23 25
0
6 7 9 23

3 20 43
3 24 43
68 20 24 31 34 34
112 20 24 29 34 53
106 20 24 29 35 50

21116 5 5 10 10 12 15 16 18 20 23 26
6732 5 5 10 10 12 15 16 18 20 25

1 44 152
0

0
0
0

2 6 37 40
95 6 7 25 25 37 40 42
6 7 25 25 31
0
0
0

0
4 9 20 26

133779 1 1 1 2 2 2 2 3 7 7 13 16 19 28 34 42

213 2 7 9 15 17 24 31 40
13 2 7 9 15 24
1194 2 7 9 15 17 24 28 42 54
0
150 2 7 9 15 17 24 28 31
0

0
13 5 10 21 31 36
60 5 10 21 24 31 65
0

581 1 7 9 10 14 18 19 35 49
1621 1 7 9 10 14 18 19 35 84
1570 1 7 9 10 14 18 19 35 83
6 1 7 9 10 18
10 1 7 9 10 22

0
7 1 3 36 68

159 1 6 8 12 14 20 57 60
79 1 6 8 12 14 20 36 57
12 6 8 12 14 36
53 1 6 8 12 14 36 57
3 8 14 20
53 1 6 8 12 14 36 57

1107 2 3 8 11 13 13 16 19 27

1021 1 1 8 13 25 27 30 62
46 1 1 8 13 28 37
19 1 1 8 13 46
7 1 1 13 27

13 1 5 11 45 95
2 5 11 29 36
29 1 5 11 29 45 93
1 1 5 36
9 1 5 11 29 95
34 1 5 11 29 36 53 56

6 16 18 22
10 16 18 21 24

10 4 38 41 71
13 4 25 41 59 66
13 4 25 38 41 71
1 4 41 83
5 4 41 141
3 4 25 41 83

0
0
0
0
0
0

5 4 33 76 78
4 4 33 69 78
0
0

30017 5 6 11 15 17 20 21 22 26 46
14 5 6 11 27
579 5 6 11 15 17 21 30

0
4 3 23 58
15 3 17 23 27 91

15 2 4 25

58 2 4 9 9 15 44 45

141 6 8 13 15 17 22 43
30 6 8 13 22 30
2 6 17
39 6 8 13 17 22 22
1 6 27

303 2 2 9 9 13 14 15 21
24 2 2 9 9 21
355 2 2 9 9 13 14 19 21

43 3 6 14 15 17 35 82
15 6 14 15 17 20 53
27 3 6 14 15 20 35 61
3 3 6 15 17

0
223 6 12 20 31 47 56

0
1 42 88
0
1 22 71 81
0
0

1 32
1 32
41 13 15 15 24 33
2 15 32
41 13 15 15 55

792 3 10 12 15 16 19 20 22 22 53
68 3 10 12 15 16 20 22
62 3 10 12 15 22 22 28
58 3 10 12 16 19 20 22

0
0
0
0

510487 1 2 2 2 3 4 4 5 7 9 10 11 16 21 22 30 39
167879 1 2 2 2 3 4 4 5 7 9 10 11 16 22 30 31
9576 1 2 2 2 3 4 4 5 7 10 11 21 22

3 4 22 26
6 4 13 29
1 21
3294 4 12 13 16 21 22 28 33 34
3 4 22 26
0

293 5 7 9 34 36 39 59
7 5 36 49
0
11 5 7 9 36 39

1 76 124
0
0
0
0

9195 3 4 11 13 16 20 22 23 24 61
0
3 3 4 23
2982 3 4 11 13 16 20 22 23 24 30
1015 3 4 11 13 16 22 23 47

4 7 22
1124 7 10 17 21 22 22 50

531 2 2 7 11 13 13 17 25

1 3 5
2 3 21 53

1008 6 9 11 16 16 18 31 32
48 6 9 11 16 39

2 2 25 62
2 2 25 28
1 17
1 28
4 17 25 28 38
10 2 17 28 33 73

0
5 4 14 27 40 44
5 4 14 27 33 40
7 14 20 33 66

82 2 11 14 23 24 40
11 2 14 24 32
364 2 11 14 20 23 28 54
532 2 11 14 20 23 24 28 40

418 6 8 9 12 12 13 24 28
273 6 8 9 12 12 13 14 31
7596 6 8 9 12 12 13 14 24 28 63
4 6 8 13
15 6 8 9 22
4288 6 8 9 12 12 13 14 22 28 49

3 1 4 12
1877 1 3 4 7 11 11 12 14 14 28 30
1373 1 3 4 7 11 11 12 14 14 21 28

0
94 3 3 6 9 10 18
3730 3 3 6 9 10 11 12 16 16 28
12745 3 3 6 9 10 11 12 16 16 16 18 23
0
2066 3 3 6 9 10 11 12 18 29

0
47587 1 4 4 5 6 8 14 14 16 18 22 24 39

1 48

13 1 4 6 15

14 1 5 8 37
1 5 8
91 1 3 5 8 15 30 30
11 1 3 5 40

0
1 2 33
193 2 9 9 11 16 25 31
157 2 9 9 11 28 40
748 2 9 9 11 16 25 28 32

0
0
0

5 2 5 8

5248 1 5 8 9 12 15 19 34 39 47
15 1 5 9 43
174 1 5 9 12 15 19 41
38 1 5 8 12 47

11 5 16 22 30 96
1 5
2 5 16 22 30
0
7 5 16 22 33 97
0

27497 4 5 6 7 7 13 18 19 22 25 50
10187 4 5 6 7 7 13 18 19 22 25 25
2260 4 5 6 7 7 13 18 22 34
111 4 5 6 7 7 13 19

1297 1 3 8 14 15 18 21 26 31
3 1 3 14
17 1 3 8 15 21
90 1 3 8 14 15 38
39 1 3 8 15 18 21
17 1 3 8 14 23

1 5 10
0

82831 2 6 6 11 13 14 16 17 18 18 18 41
158 2 6 6 11 14 24

1 25 39
32 21 22 33 34 39
6 21 22 37
3 21 25 37
1 34

323 2 4 5 13 13 17 23 28 29 54
145 2 4 5 13 17 23 28 29 31
2 2 4 23
33 2 4 5 13 17 29 31

11 4 32 37 46 48
8 4 32 92
33 4 32 48 54 54
0

2448 5 5 9 14 16 19 24 31 32
0
191 5 5 9 14 16 19 31
263 5 5 9 14 16 24 33
24 5 5 9 14 32
11558 5 5 9 14 16 19 24 31 31 39

0

97 5 7 7 9 11 17
37 5 7 7 9 12

1 22 24 96
0
3 22 25 34 34 60
0

21020 2 5 7 13 15 15 15 17 18 23 37
23 2 5 18 23
15 2 5 13 18
702 2 5 7 13 15 15 15 25
1231 2 5 7 13 15 15 15 37
69895 2 5 7 13 15 15 15 17 18 23 29 36

16573 10 11 12 13 14 19 21 21 31 45
567 10 11 12 13 14 19 40
4642 10 11 12 13 14 19 21 21 46

6 4 5 6 11 17
24 4 5 6 11 17 30
1048 4 5 6 11 17 26 30 38 39
83 4 5 6 11 26 49
83 4 5 6 11 26 49
254 4 5 6 17 24 30 47

6 11 14 60 101
0
6 11 14 60 101
2 1 87

0

0
4 7 19 19 43
1 7 39 43
3 19 30 39 43
2 7 19 30 39
2 7 30 97

2 2 16 22 25 30
2 16 22 25 39

2447 6 10 10 15 17 18 24 28 30 40
29 6 10 10 15 40
100 6 10 10 17 18 44
4 6 10 17

1 2 11

0
1 52 58
11 1 39 46 52 58
2 1 8 39 46 53
0

28 2 6 8 12 18
0
4238 2 6 7 8 12 14 18 21 45
11582 2 6 7 8 12 14 18 20 21 24 24

4 18 32 141
0

4454 8 10 16 18 18 19 21 23 34

5 3 8 13 25
9 3 8 10 48
55 3 8 10 13 24 36 48
24 3 8 10 13 25 48
3 3 8 10 29

18 3 12 15 24 95
31 3 12 13 15 24 31 67
9 3 12 13 79

49 6 8 9 29 50
335 6 8 9 19 20 29 53
2 6 34
0
61 6 8 9 19 20 38
70 6 8 9 20 64

0

1207 2 3 4 4 11 16 18 18 39
5387 2 3 4 4 11 16 18 18 22 52
1735 2 3 4 4 11 16 18 27 38

29 4 6 7 7 19

31 1 12 19 19 27
139 1 12 14 19 27 41
171 1 12 14 18 19 52

0
636 6 7 12 12 14 30 30
5604 6 7 12 12 14 17 17 24 28 28
4823 6 7 12 12 14 17 24 24 46
4823 6 7 12 12 14 17 24 24 46

0
0
0
0
0

3453 5 9 18 21 22 24 25 42
111 5 9 18 21 41
7 5 9 18 21

27 2 10 11 11 29 33

128 4 10 10 12 12 28

20 3 4 10 17 18
10144 3 4 9 10 17 18 20 22 30 51
21 3 4 9 17 20
68 3 4 9 10 18 30
13143 3 4 9 10 17 18 20 22 23 65
8081 3 4 9 10 17 18 20 22 30 45

0
10 1 23 29 54

0
0
0
0

0
0
0
0

49 3 8 14 20 51
771 3 8 12 14 20 26 34 51
30 3 8 12 20 37
0

0

0

0
14 3 10 25 43 69
26 3 10 25 36 101
1 25 37
11 3 10 25 38 69

788 6 13 15 17 22 23 30 34
930 6 13 15 17 22 23 30 38
1308 6 13 15 17 22 23 31 47
4 6 17 23
1308 6 13 15 17 22 23 31 47

10804 2 6 6 6 7 7 12 15 23 27 48
4 6 6

22 11 20 23 34 83
1 60

19114 2 11 11 11 18 19 21 21 23 57
5761 2 11 11 11 18 19 21 23 49
2 2 11 11 11
4541 2 11 11 11 18 19 21 23 42

0
1 3 27 104
1 3 85
0

0
0
0
2 18 18 55
1 18 18 56 57
2 18 55 57

0
4 21 22
127 6 8 18 21 21 22 22 34
31 6 8 21 22 44
0
150 6 8 18 21 21 22 28 34

29 6 11 15 25 27 38 77
1 6 25
1 29
10 6 11 25 27 29 38

1 5 30 30 39
22 5 25 30 30 103
0

254 2 6 8 8 11 13 17 60

23 1 1 4 26 46
273 1 1 4 24 26 30 46
1951 1 1 4 24 26 27 31 38 46
326 1 1 4 24 27 35 46
5 1 33
957 1 1 4 24 26 27 30 31 31

0
2 24 95
0
0

1 8 86
0
1 27 47
0

411 2 7 11 13 16 20 35
710 2 7 11 13 16 21 22 23
23972 2 7 11 13 16 17 20 21 21 23 44
3173 2 7 11 13 16 20 21 22 35
10229 2 7 11 13 16 17 20 21 23 44
911 2 7 11 13 16 17 22 32

1 54

19089 1 2 2 3 5 7 11 12 13 17 36 42
8275 1 2 2 3 5 7 11 12 13 17 24 33

5 11 15 69 90
7 11 13 51 78
5 11 15 69 90
3 15 51 90
0
1 15 90

329 4 5 5 13 14 17 24 37
838 4 5 5 13 14 17 21 24 46
0
1672 4 5 5 13 14 17 18 24 29 42

4 9 11 27
9 9 11 25 36

1 4 4 26
4 4 32 93
10 4 4 26 32 58
4 4 4 7 42 78

0

164 4 6 7 7 7 8 28
30 4 6 7 7 7 8
12083 4 6 7 7 7 8 12 13 19 22 28 31

1 17 17 76
5 17 17 63 76

885143 1 8 12 12 13 14 14 15 17 18 20 25 31
447925 1 8 12 12 13 14 14 15 17 18 20 42
812 1 8 12 12 13 14 20
315880 1 8 12 12 13 14 14 15 17 18 21 34

0
46 10 21 21 24 28 46
0
0

1 16 92
0
0
0

1 8 13 33
3 8 20 23
0
1 20 28 33
9 8 20 23 33

419 1 2 2 9 10 18 18 33 40
472 1 2 2 9 10 15 18 18 29 33

0
0
0

1352 8 8 16 16 24 32 37 55
47 8 8 16 16 24 37
7 8 16 38
0

3 3 4 5 72
2 3 28
0
4 3 4 5 86
0
0

691 5 8 13 28 32 32 70
0
2 5 8

8891 11 12 13 16 17 21 27 35 42
0
13 11 12 17 21

3 2 4
43 1 4 6 6 7 10
7897 1 2 4 6 6 7 16 17 17 18 24
10 1 2 4 6 7

77174 4 4 4 10 10 16 16 17 17 17 19 51

1 6 27 84
4 6 14 29 86
1 29 87
8 6 14 27 63 72
1 6 27

0
0
0
0
57 16 16 22 31 32 57
71 16 16 22 26 31 32 48

815 2 5 6 9 13 16 28 31 57
1614 2 5 6 9 13 16 25 28 31 59
73 2 5 6 9 13 16 39
2 2 5 13

0
0
0

69398 1 4 5 9 10 11 12 16 16 16 22 29 43
62177 1 4 5 9 10 11 12 16 16 16 24 24 43
19890 1 4 5 9 10 11 12 16 16 24 24 29
19 1 4 5 24
29536 1 4 5 9 10 11 12 16 16 16 22 49

1 3
13071 3 4 7 8 12 15 18 22 33 50
26939 3 4 7 8 12 15 18 22 31 31 38
1 3 7 18
826 3 4 7 8 15 18 22 34

1098 2 8 9 16 18 22 24 41

176 1 5 6 9 12 21 28 42

5443 3 5 12 12 12 12 13 15 30

197 2 3 3 9 11 14 15 17
123 2 3 3 9 11 12 24
1 2

0
0

25 3 18 23 26 79
2 3 18 26 46
17 3 18 23 26 78
1 3 7 18 26
1 3 26 46

0

0

2 11 16 21
0

57 2 3 5 12 15 55 71
68 2 3 12 15 18 40 71
38 2 3 5 12 15 18 40 55

55 4 14 32 33 34 35 46
3 14 32
12 4 32 32 46
9 4 14 32 35 46

68109 1 1 1 1 1 4 4 11 12 14 15 19 52

27 3 4 14 17 21 33
305 3 4 4 14 17 33 37 52
30 3 4 4 21 35 37

0
0
1 24

1 1 36
565 1 8 11 15 24 36 51 54
14 1 8 11 15 54
0

496 2 4 8 11 12 12 13 25 92
57 2 4 4 8 13 25 43
730 2 4 4 8 11 12 12 13 43 82
408 2 4 4 8 11 12 12 25 90
517 2 4 4 8 11 12 12 13 43 65
13 2 4 8 12 13

2564 2 4 6 8 10 13 17 18 30
116332 2 4 6 8 10 13 15 17 18 21 22 22 40
27131 2 4 6 8 10 13 15 17 18 21 22 24

1477 5 6 8 9 10 11 11 13 21 48

81 5 5 8 16 25 46
29 5 5 8 16 45
1340 5 5 8 16 25 26 31 59

0
0
338 16 22 25 25 28 74
221 16 22 25 27 43 44
219 16 22 25 25 27 60

0
0

12 2 6 7 12 24
167 2 3 6 7 12 26 47
4509 2 3 6 7 12 18 24 37 37 43
840 2 3 6 7 12 18 26 68

192 5 13 18 18 23 29 38
0
0
113 5 13 18 18 23 48
0

0

4 13 17 72

0
0
0
0
0

7 6 13 17 22 33
6 6 13 17 37

5524 1 2 3 9 10 10 10 16 25
0
1551081 1 2 3 9 10 10 10 11 15 16 16 17 18 28 29
11149 1 2 3 9 10 10 10 11 16 25

6702 1 2 3 4 4 7 12 12 22 28
1616631 1 2 3 4 4 7 12 12 15 18 18 21 22 24 37
902877 1 2 3 4 4 7 12 12 15 18 18 22 24 45
751501 1 2 3 4 4 7 12 12 15 18 18 21 22 44

0
0
0
0

8 3 17 21 25
19 3 15 22 25

0
0
1 4 60
0

7 5 7 12 19 26
2 14 14 20
1 7 20
8 5 7 14 14 19

1 1 1
4419 1 1 3 13 14 15 16 17 25 28
112 1 1 3 13 14 15 19

2461 2 6 8 10 12 12 12 17 17 44
2 2 6 13
7 2 6 8 10
7 2 10 12
84 2 6 8 10 12 12 17

0
0
0

2396 3 6 10 11 12 13 20 31 33
177 3 6 10 11 13 20 24

0
0
0
1 30 43 87
0
2 37 105

145 1 2 3 3 8 11 25

17 2 4 5 25

1332 4 4 7 8 11 14 15 22

614 10 13 16 16 21 36

0
1 75 98
0

68053 3 8 11 14 15 15 16 18 24 46
4 3 21
268 3 8 11 14 16 24
91004 3 8 11 14 15 15 16 18 21 27 28

0
0
0
0

0
3 25 48
11 20 21 23 25 37 42
3 20 21 23 37 48

0
32 13 27 34 34 75
0

952 2 10 18 23 23 29 33 43
124 2 10 18 23 29 43
214 2 10 18 23 23 29 33
2 2 10 18
92 2 10 18 23 30 35

221 1 4 7 8 22 26 27 33 69

193 1 1 4 5 10 10 10 29 54

2643 3 12 13 16 22 23 28 34 47

0
0
0

3 20 22 24 39
1 21
0
1 21 31
1 20 24

8 2 6 10 18 67
24 2 6 10 16 18 86
1 6 16
70 2 10 16 18 21 39 87
6 2 10 16 18 21

384 11 15 18 22 23 33
1190 11 15 18 22 23 25 33
531 11 15 18 23 26 36
318 11 15 18 22 24 29
2670 11 15 18 22 23 23 25 29

11704 2 2 10 10 11 16 18 20 24 25 59

2 5 11
2 6 12

0
0
0
0
0

41 2 9 10 10 20 25
2 2 10

2 4 160
0
1 4 9 136
1 9 18 172
3 18 56 98
4 4 9 56 111

56 1 4 11 14 23 59

3 6 7 9
45082 6 7 9 14 16 17 19 20 22 25 26
1390 6 7 9 14 16 17 20 22

9868 2 2 4 4 6 7 10 10 12 12 20 21
8090 2 2 4 4 6 7 10 10 12 12 16 21
115500 2 2 4 4 6 7 10 10 12 12 16 16 20 45
124839 2 2 4 4 6 7 10 10 12 12 16 16 21 46
60502 2 2 4 4 6 7 10 10 12 12 16 16 21 28
43161 2 2 4 4 6 7 10 10 12 12 16 16 20 21

1 26
430 3 4 6 15 24 26 38 56
3 3 4 25

0
0

1 88
4 9 38 43 51

0
8 5 6 11 32 101

18 5 5 18 22 61

109 7 16 17 23 33 52
28 7 17 23 27 39

680 4 6 14 15 18 20 32 34
3 4 6 15 20
73 4 6 14 15 20 31

73 5 10 12 20 21 26 39 43
129 5 10 12 20 26 36 39 52
3 5 20 21
5 5 12 20 21
20 5 10 12 21 26 39

0
1 37 88

0
0
0

14447 6 6 6 8 10 11 15 19 24 25 32

3505 3 6 6 7 7 9 13 17 26 28

0
0
0

33 3 11 16 19 31 97
0
25 3 11 12 19 31 90

1362 6 6 7 7 10 13 16 32 62
316 6 6 7 7 10 13 16 48
645 6 6 7 7 13 16 25 28 32

56 2 6 6 10 16 30
0
1274 2 6 6 10 16 23 28 31
32 2 6 10 16 28
479 2 6 6 10 16 28 37

3576 1 2 3 4 5 6 7 11 13 16 16
24058 1 2 3 4 5 6 7 11 12 13 16 16 32
12151 1 2 3 4 5 6 7 9 12 16 21 25
77673 1 2 3 4 5 6 7 9 11 13 16 16 21 21 25
51 1 2 3 4 6 7

84 7 9 9 10 15 27
50 7 9 10 47
1494 7 9 9 10 15 24 27 31
140 7 9 9 10 24 27
448 7 9 9 10 15 22 37

2978 3 4 9 14 15 15 17 18 27
3481 3 4 9 14 15 15 18 20 27
0

3 1 7 15 44
51 1 7 14 15 49 86
40 1 7 15 35 39 66

29 3 30 31 40 46

112 1 3 3 9 10 13 33 51 60

3580 2 5 5 5 16 18 20 22 23 40
14966 2 5 5 5 16 18 20 22 23 27 50

5493 1 1 2 3 11 13 13 15 23 32 38
793 1 1 2 3 13 13 15 17 38
2037 1 1 2 3 11 13 15 17 31 33
1497 1 1 2 3 11 13 15 17 23 32
140 1 1 2 3 11 13 15 23

3519 1 3 12 13 14 15 15 19 23
64139 1 3 12 13 14 15 15 15 18 19 23 28
3 3 22
0
20090 1 3 12 13 14 15 15 15 18 19 25

22464 1 1 3 5 8 9 11 12 13 18 20 26
5036 1 1 3 5 8 9 11 12 13 36

0
0
0
0
6 10 19 79 91
3 10 19 161

2 12 15 15
13 7 12 17 25
1 15 15
979 7 12 15 15 16 17 29 43

0
0
0
1 56 85
0
0

3 6 8 20 29
248 6 8 12 20 29 41 58
1 6 12
229 6 8 12 20 29 39 55
248 6 8 12 20 29 41 58
1 6 12

2 2 2 4
1803 2 2 3 4 5 7 7 13 17 24 27
703 2 2 3 4 5 7 7 13 15 27
28446 2 2 3 4 5 7 7 13 15 17 22 24 27 39
2822 2 2 3 4 5 7 7 13 15 17 22 24

251 4 5 7 8 12 19 31
2496 4 5 7 8 9 12 15 18 19 46
143 4 5 7 8 12 18 21
0
1723 4 5 7 8 9 12 15 19 54
744 4 5 7 8 9 12 18 19 29

39 7 14 15 17 25 25 43
3 15 27
106 7 15 17 25 25 27 31 33
94 7 14 15 17 25 27 71
51 7 14 15 17 25 33 43
39 7 14 15 17 25 25 43

9 1 3 5 17 33
171 1 3 5 13 17 22 33 68
8 1 3 5 24 32

1393 1 2 3 3 5 5 6 6 19 37
8382 1 2 3 3 5 5 6 6 16 20 22 43

8 1 2 2 10 11 28
155 1 2 2 8 19 53
33 1 2 2 8 27

3833 1 2 16 16 18 18 19 25 27 40
18 1 2 16 19 20
48 1 2 16 16 18 20
2 1 16
0

0

0
3140 2 10 10 11 13 18 20 26 35 52
700 2 10 10 11 13 18 20 26 37

0
0
1 35 41 72
0
0

0
0
1 25 96
0

6 1 21 27 42
63 1 21 27 37 42 54
0
0
40 1 21 37 42 74
28 1 21 27 54 55

0
3 3 7 7
0
7 3 3 29

4 1 3 16 19 20
192 1 3 9 16 19 35 91
17 1 3 16 19 38
2 1 3 38

0
0
0
1 26 71
0
1 154

0
0
0
0
0
0

2060 2 2 6 8 8 10 10 11 22 22
57416 2 2 6 8 8 10 10 11 21 22 22 45
8 2 2 8 11
38104 2 2 6 8 8 10 10 11 21 22 22 36

2 3 14 17
0

446 1 7 10 11 11 11 25
32572 1 7 10 11 11 11 13 13 14 16 18 20 28
68949 1 7 10 11 11 11 13 13 14 16 18 28 41
1 1

13 1 14 28 78
6 1 43 43
6 1 28 78
2 1 28 4